#multi:
	A			bench_1			bench_2			light_1_a			light_1_b			light_2_b			light_2_a			
t	x	pixelx	pixely	x	pixelx	pixely	x	pixelx	pixely	x	pixelx	pixely	x	pixelx	pixely	x	pixelx	pixely	x	pixelx	pixely	
1.407689E1	4.189358E-1	5.388773E2	1.606933E3																		
1.409355E1	3.770374E-1	5.388773E2	1.610301E3																		
1.411020E1																					
1.412686E1																					
1.414352E1																					
1.416018E1																					
1.417684E1																					
1.419350E1																					
1.421016E1																					
1.422682E1																					
1.424348E1																					
1.426014E1																					
1.427680E1																					
1.429345E1																					
1.431011E1																					
1.432677E1																					
1.434343E1																					
1.436009E1																					
1.437675E1																					
1.439341E1																					
1.441007E1																					
1.442673E1																					
1.444339E1																					
1.446004E1																					
1.447670E1																					
1.449336E1																					
1.451002E1																					
1.452668E1																					
1.454334E1																					
1.456000E1																					
1.457666E1																					
1.459332E1																					
1.460998E1																					
1.462664E1																					
1.464329E1																					
1.465995E1																					
1.467661E1																					
1.469327E1																					
1.470993E1																					
1.472659E1																					
1.474325E1																					
1.475991E1																					
1.477657E1																					
1.479323E1																					
1.480988E1																					
1.482654E1																					
1.484320E1																					
1.485986E1																					
1.487652E1																					
1.489318E1																					
1.490984E1																					
1.492650E1																					
1.494316E1																					
1.495982E1																					
1.497647E1																					
1.499313E1																					
1.500979E1																					
1.502645E1																					
1.504311E1																					
1.505977E1																					
1.507643E1																					
1.509309E1																					
1.510975E1																					
1.512641E1																					
1.514307E1																					
1.515972E1																					
1.517638E1																					
1.519304E1																					
1.520970E1																					
1.522636E1																					
1.524302E1																					
1.525968E1																					
1.527634E1																					
1.529300E1																					
1.530966E1																					
1.532631E1																					
1.534297E1																					
1.535963E1																					
1.537629E1	4.328536E-1	5.394387E2	1.605811E3																		
1.539295E1																					
1.540961E1																					
1.542627E1																					
1.544293E1																					
1.545959E1																					
1.547625E1																					
1.549291E1																					
1.550956E1																					
1.552622E1																					
1.554288E1																					
1.555954E1																					
1.557620E1																					
1.559286E1										-3.026225E-1	6.378750E2	1.664250E3									
1.560952E1													4.192017E0	6.307500E2	1.303000E3						
1.562618E1													4.227869E0	6.297500E2	1.300125E3						
1.564284E1																					
1.565950E1																					
1.567615E1																					
1.569281E1																					
1.570947E1																					
1.572613E1																					
1.574279E1																					
1.575945E1																					
1.577611E1																					
1.579277E1																					
1.580943E1																					
1.582609E1																					
1.584274E1																					
1.585940E1	4.608826E-1	5.383160E2	1.603565E3																		
1.587606E1	4.468197E-1	5.394387E2	1.604688E3																		
1.589272E1	4.466746E-1	5.411227E2	1.604688E3																		
1.590938E1	4.538028E-1	5.394387E2	1.604127E3																		
1.592604E1	4.615904E-1	5.403151E2	1.603495E3																		
1.594270E1																					
1.595936E1	4.615904E-1	5.403151E2	1.603495E3																		
1.597602E1	4.732941E-1	5.409452E2	1.602550E3																		
1.599268E1	4.694290E-1	5.403151E2	1.602865E3																		
1.600934E1	4.695104E-1	5.393699E2	1.602865E3																		
1.602599E1	5.596276E-1	5.396849E2	1.595618E3																		
1.604265E1	7.203740E-1	5.390548E2	1.582701E3	8.837586E-1	6.442824E2	1.568839E3	1.074485E0	4.412219E2	1.554914E3												
1.605931E1	9.319358E-1	5.400000E2	1.565688E3	8.798393E-1	6.442824E2	1.569154E3															
1.607597E1	1.190719E0	5.387398E2	1.544895E3	8.720006E-1	6.442824E2	1.569784E3															
1.609263E1	1.527862E0	5.377946E2	1.517800E3	8.837314E-1	6.445974E2	1.568839E3							4.230979E0	6.297500E2	1.299875E3						
1.610929E1	1.927633E0	5.377946E2	1.485665E3																		
1.612595E1	2.401925E0	5.371645E2	1.447544E3																		
1.614261E1	2.891894E0	5.365344E2	1.408162E3																		
1.615927E1	3.417055E0	5.368495E2	1.365945E3																		
1.617593E1	3.907079E0	5.355893E2	1.326564E3																		
1.619258E1	4.408806E0	5.349592E2	1.286237E3							-2.529670E-1	6.376715E2	1.660260E3									
1.620924E1	4.886990E0	5.346441E2	1.247800E3																		
1.622590E1	5.361228E0	5.346441E2	1.209679E3																		
1.624256E1	5.831600E0	5.340140E2	1.171873E3																		
1.625922E1	6.297999E0	5.340140E2	1.134382E3																		
1.627588E1	6.752722E0	5.330688E2	1.097835E3																		
1.629254E1	7.187712E0	5.336989E2	1.062865E3																		
1.630920E1	7.634596E0	5.327538E2	1.026949E3																		
1.632586E1	8.085317E0	5.327538E2	9.907176E2																		
1.634252E1	8.508658E0	5.321237E2	9.566919E2																		
1.635917E1	8.927971E0	5.327538E2	9.229813E2																		
1.637583E1	9.355204E0	5.324387E2	8.886406E2																		
1.639249E1	9.758921E0	5.321237E2	8.561902E2																		
1.640915E1	1.015085E1	5.321237E2	8.246849E2																		
1.642581E1	1.057474E1	5.293923E2	7.906298E2																		
1.644247E1	1.097045E1	5.315138E2	7.588066E2																		
1.645913E1	1.137525E1	5.300994E2	7.262762E2																		
1.647579E1	1.174281E1	5.309791E2	6.967239E2																		
1.649245E1	1.214740E1	5.305336E2	6.642042E2																		
1.650911E1	1.251871E1	5.305336E2	6.343573E2																		
1.652577E1	1.292326E1	5.305336E2	6.018376E2																		
1.654242E1	1.329185E1	5.298654E2	5.722135E2																		
1.655908E1	1.365214E1	5.289745E2	5.432575E2																		
1.657574E1	1.401803E1	5.274153E2	5.138561E2																		
1.659240E1	1.439203E1	5.283063E2	4.837865E2										4.159251E0	6.319987E2	1.305625E3						
1.660906E1	1.474674E1	5.278608E2	4.552761E2																		
1.662572E1	1.509318E1	5.269698E2	4.274339E2																		
1.664238E1	1.542571E1	5.267471E2	4.007053E2																		
1.665904E1	1.576928E1	5.269698E2	3.730858E2													3.888340E0	1.007610E2	1.331081E3			
1.667570E1	1.610456E1	5.269698E2	3.461346E2																4.646526E-1	8.739675E1	1.606385E3
1.669236E1	1.643161E1	5.260789E2	3.198515E2																		
1.670901E1	1.675030E1	5.256334E2	2.942367E2																		
1.672567E1	1.705227E1	5.263016E2	2.699582E2																		
1.674233E1	1.735719E1	5.249652E2	2.454571E2																		
1.675899E1	1.767855E1	5.256334E2	2.196195E2																		
1.677565E1	1.798620E1	5.247425E2	1.948956E2																		
1.679231E1	1.827988E1	5.251879E2	1.712854E2																		
1.680897E1	1.859849E1	5.256334E2	1.456705E2																		
1.682563E1	1.888126E1	5.240742E2	1.229513E2																		
1.684229E1	1.920534E1	5.254107E2	9.689095E1										4.159414E0	6.301083E2	1.305625E3						
1.685895E1	1.950747E1	5.242970E2	7.261253E1																		
1.687561E1	1.977620E1	5.247425E2	5.100696E1																		
1.689226E1	2.006451E1	5.231833E2	2.784223E1																		
1.690892E1	2.031657E1	5.242970E2	7.573086E0																		
1.692558E1																					
1.694224E1																					
1.695890E1																					
1.697556E1																					
1.699222E1																					
1.700888E1																					
1.702554E1																					
1.704220E1																					
1.705885E1																					
1.707551E1																					
1.709217E1																					
1.710883E1																					
1.712549E1																					
1.714215E1																					
1.715881E1																					
1.717547E1																					
1.719213E1																					
1.720879E1																					
1.722544E1																					
1.724210E1																					
1.725876E1																					
1.727542E1																					
1.729208E1																					
1.730874E1																					
1.732540E1																					
1.734206E1																					
1.735872E1																					
1.737538E1																					
1.739204E1																					
1.740869E1																					
1.742535E1																					
1.744201E1																					
1.745867E1																					
1.747533E1																					
1.749199E1																					
1.750865E1																					
1.752531E1																					
1.754197E1																					
1.755863E1																					
1.757528E1																					
1.759194E1																					
1.760860E1										-2.324380E-1	6.404880E2	1.658590E3									
1.762526E1										-2.241384E-1	6.406365E2	1.657922E3									
1.764192E1										-2.222720E-1	6.404138E2	1.657773E3									
1.765858E1										-2.222720E-1	6.404138E2	1.657773E3									
1.767524E1										-2.232020E-1	6.404880E2	1.657848E3									
1.769190E1										-2.194884E-1	6.402653E2	1.657551E3									
1.770856E1										-2.204440E-1	6.406365E2	1.657625E3									
1.772522E1										-2.204440E-1	6.406365E2	1.657625E3									
1.774188E1										-2.287692E-1	6.407850E2	1.658293E3									
1.775853E1																					
1.777519E1																					
1.779185E1																					
1.780851E1																					
1.782517E1																					
1.784183E1																					
1.785849E1																					
1.787515E1																					
1.789181E1																					
1.790847E1																					
1.792512E1																					
1.794178E1																					
1.795844E1																					
1.797510E1																					
1.799176E1																					
1.800842E1																					
1.802508E1																					
1.804174E1																					
1.805840E1																					
1.807506E1										-1.973668E-1	6.407850E2	1.655769E3									
1.809171E1																					
1.810837E1																					
1.812503E1																					
1.814169E1										-1.797608E-1	6.401168E2	1.654358E3									
1.815835E1																					
1.817501E1																					
1.819167E1																					
1.820833E1																					
1.822499E1																					
1.824165E1																					
1.825831E1																					
1.827496E1																					
1.829162E1																					
1.830828E1																					
1.832494E1																					
1.834160E1																					
1.835826E1																					
1.837492E1																					
1.839158E1																					
1.840824E1																					
1.842490E1																					
1.844155E1																					
1.845821E1																					
1.847487E1																					
1.849153E1																					
1.850819E1																					
1.852485E1																					
1.854151E1																					
1.855817E1																					
1.857483E1										-1.206825E-1	6.404880E2	1.649607E3									
1.859149E1																					
1.860815E1																					
1.862480E1										-1.035841E-1	6.405018E2	1.648232E3									
1.864146E1																					
1.865812E1																					
1.867478E1																					
1.869144E1																					
1.870810E1																					
1.872476E1																					
1.874142E1																					
1.875808E1																					
1.877474E1																					
1.879139E1																					
1.880805E1																					
1.882471E1																					
1.884137E1																					
1.885803E1																					
1.887469E1																					
1.889135E1										-2.930704E-2	6.427071E2	1.642246E3									
1.890801E1																					
1.892467E1																					
1.894133E1																					
1.895798E1																					
1.897464E1																					
1.899130E1																					
1.900796E1																					
1.902462E1																					
1.904128E1																					
1.905794E1										-1.004244E-2	6.427153E2	1.640698E3									
1.907460E1																					
1.909126E1																					
1.910792E1																					
1.912458E1																					
1.914123E1																					
1.915789E1																					
1.917455E1																					
1.919121E1																					
1.920787E1																					
1.922453E1																					
1.924119E1																					
1.925785E1																					
1.927451E1										2.692652E-2	6.437625E2	1.637719E3									
1.929117E1										3.044178E-2	6.434819E2	1.637438E3									
1.930782E1																					
1.932448E1																					
1.934114E1																					
1.935780E1																					
1.937446E1																					
1.939112E1																					
1.940778E1																					
1.942444E1																					
1.944110E1																					
1.945776E1										1.078691E-1	6.427071E2	1.631219E3									
1.947442E1																					
1.949107E1																					
1.950773E1										1.472252E-1	6.408168E2	1.628069E3									
1.952439E1																					
1.954105E1																					
1.955771E1																					
1.957437E1																					
1.959103E1																					
1.960769E1																					
1.962435E1																					
1.964101E1																					
1.965766E1																					
1.967432E1																					
1.969098E1																					
1.970764E1																					
1.972430E1																					
1.974096E1																					
1.975762E1																					
1.977428E1																					
1.979094E1																					
1.980760E1																					
1.982425E1																					
1.984091E1																					
1.985757E1																					
1.987423E1																					
1.989089E1																					
1.990755E1																					
1.992421E1																					
1.994087E1																					
1.995753E1																					
1.997419E1																					
1.999085E1																					
2.000750E1																					
2.002416E1																					
2.004082E1																					
2.005748E1																					
2.007414E1																					
2.009080E1																					
2.010746E1																					
2.012412E1																					
2.014078E1																					
2.015744E1																					
2.017409E1																					
2.019075E1																					
2.020741E1																					
2.022407E1																					
2.024073E1																					
2.025739E1																					
2.027405E1																					
2.029071E1																					
2.030737E1																					
2.032403E1																					
2.034068E1																					
2.035734E1																					
2.037400E1																					
2.039066E1																					
2.040732E1																					
2.042398E1																					
2.044064E1																					
2.045730E1																					
2.047396E1																					
2.049062E1																					
2.050728E1																					
2.052393E1																					
2.054059E1																					
2.055725E1																					
2.057391E1																					
2.059057E1																					
2.060723E1																					
2.062389E1																					
2.064055E1																					
2.065721E1																					
2.067387E1																					
2.069052E1																					
2.070718E1																					
2.072384E1																					
2.074050E1																					
2.075716E1																					
2.077382E1																					
2.079048E1																					
2.080714E1																					
2.082380E1																					
2.084046E1																					
2.085712E1																					
2.087377E1																					
2.089043E1																					
2.090709E1																					
2.092375E1																					
2.094041E1																					
2.095707E1																					
2.097373E1																					
2.099039E1																					
2.100705E1																					
2.102371E1																					
2.104036E1																					
2.105702E1																					
2.107368E1																					
2.109034E1																					
2.110700E1																					
2.112366E1																					
2.114032E1																					
2.115698E1																					
2.117364E1																					
2.119030E1																					
2.120695E1																					
2.122361E1																					
2.124027E1																					
2.125693E1																					
2.127359E1																					
2.129025E1																					
2.130691E1																					
2.132357E1																					
2.134023E1																					
2.135689E1																					
2.137355E1																					
2.139020E1																					
2.140686E1																					
2.142352E1																					
2.144018E1																					
2.145684E1																					
2.147350E1																					
2.149016E1																					
2.150682E1																					
2.152348E1																					
2.154014E1																					
2.155679E1																					
2.157345E1																					
2.159011E1																					
2.160677E1																					
2.162343E1																					
2.164009E1																					
2.165675E1																					
2.167341E1																					
2.169007E1																					
2.170673E1																					
2.172339E1																					
2.174004E1																					
2.175670E1																					
2.177336E1																					
2.179002E1																					
2.180668E1																					
2.182334E1																					
2.184000E1																					
2.185666E1																					
2.187332E1																					
2.188998E1																					
2.190663E1																					
2.192329E1																					
2.193995E1																					
2.195661E1																					
2.197327E1																					
2.198993E1																					
2.200659E1																					
2.202325E1																					
2.203991E1																					
2.205657E1																					
2.207322E1																					
2.208988E1																					
2.210654E1																					
2.212320E1																					
2.213986E1																					
2.215652E1																					
2.217318E1																					
2.218984E1																					
2.220650E1																					
2.222316E1																					
2.223982E1																					
2.225647E1																					
2.227313E1																					
2.228979E1	6.923902E0	2.264883E2	1.086198E3																		
2.230645E1	6.884407E0	2.264883E2	1.089373E3																		
2.232311E1																					
2.233977E1																					
2.235643E1																					
2.237309E1																					
2.238975E1																					
2.240641E1																					
2.242306E1																					
2.243972E1																					
2.245638E1																					
2.247304E1																					
2.248970E1																					
2.250636E1																					
2.252302E1	3.152657E0	2.201387E2	1.389392E3																		
2.253968E1	2.718073E0	2.217261E2	1.424315E3																		
2.255634E1	2.283626E0	2.217261E2	1.459238E3																		
2.257300E1	1.947096E0	2.312505E2	1.486223E3																		
2.258966E1	1.977043E0	2.323966E2	1.483808E3																		
