	mass A		
t	x	y	
18.864	0.129	1.318E-3
18.881	0.136	1.231E-2
18.898	0.129	1.507E-2
18.914	0.130	2.195E-2
18.931		
18.948		
18.965		
18.981		
18.998		
19.015		
19.032		
19.048		
19.065		
19.082		
19.099		
19.115		
19.132		
19.149		
19.166		
19.182		
19.199		
19.216		
19.232		
19.249		
19.266		
19.283		
19.299		
19.316		
19.333		
19.350		
19.366		
19.383		
19.400		
19.417		
19.433		
19.450		
19.467		
19.484		
19.500		
19.517		
19.534		
19.551		
19.567		
19.584		
19.601		
19.617		
19.634		
19.651		
19.668	0.123	1.921E-2
19.684		
19.701	0.154	1.367E-2
19.718	0.227	1.635E-2
19.735	0.302	1.764E-2
19.751	0.312	1.901E-2
19.768	0.265	2.593E-2
19.785	0.151	2.881E-2
19.802	6.707E-2	1.101E-2
19.818	-3.334E-2	2.212E-2
19.835	-0.101	2.082E-2
19.852	-6.497E-2	2.353E-2
19.869	7.941E-3	3.171E-2
19.885	7.258E-2	2.201E-2
19.902	0.101	2.336E-2
19.919	0.147	2.468E-2
19.936	0.161	2.329E-2
19.952	0.183	2.327E-2
19.969	0.275	3.418E-2
19.986	0.361	3.684E-2
20.002	0.471	3.672E-2
20.019	0.521	1.878E-2
20.036	0.499	1.331E-2
20.053	0.454	9.227E-3
20.069	0.360	2.033E-2
20.086	0.232	3.960E-3
20.103	0.134	1.507E-2
20.120	0.123	2.608E-2
20.136	0.128	2.470E-2
20.153	0.185	2.464E-2
20.170	0.243	1.633E-2
20.187	0.256	1.631E-2
20.203	0.295	1.490E-2
20.220	0.327	2.449E-2
20.237	0.350	2.447E-2
20.254	0.392	3.818E-2
20.270	0.455	3.123E-2
20.287	0.489	2.019E-2
20.304	0.438	2.437E-2
20.320	0.407	1.753E-2
20.337	0.317	1.625E-2
20.354	0.242	1.083E-2
20.371	0.256	1.631E-2
20.387	0.333	2.174E-2
20.404	0.422	2.852E-2
20.421	0.518	2.704E-2
20.438	0.593	2.971E-2
20.454	0.613	2.144E-2
20.471	0.610	1.869E-2
20.488	0.597	1.733E-2
20.505	0.571	1.873E-2
20.521	0.518	2.291E-2
20.538	0.448	1.611E-2
20.555	0.368	1.344E-2
20.572	0.311	9.379E-3
20.588	0.273	1.630E-2
20.605	0.282	3.004E-2
20.622	0.344	4.373E-2
20.639	0.396	5.606E-2
20.655	0.478	6.560E-2
20.672	0.544	5.590E-2
20.689	0.623	5.582E-2
20.705	0.676	6.126E-2
20.722	0.676	6.126E-2
20.739	0.715	5.847E-2
20.756	0.734	5.845E-2
20.772	0.736	6.120E-2
20.789	0.725	5.708E-2
20.806	0.676	5.026E-2
20.823	0.615	3.657E-2
20.839	0.573	4.074E-2
20.856	0.527	3.253E-2
20.873	0.498	2.844E-2
20.890	0.482	2.845E-2
20.906	0.481	3.121E-2
20.923	0.481	3.121E-2
20.940	0.447	2.161E-2
20.957	0.447	2.161E-2
20.973	0.516	2.979E-2
20.990	0.595	3.384E-2
21.007	0.708	2.821E-2
21.024	0.752	2.954E-2
21.040	0.817	1.572E-2
21.057	0.818	2.260E-2
21.074	0.836	1.983E-2
21.090	0.851	1.843E-2
21.107	0.835	2.395E-2
21.124	0.808	2.123E-2
21.141	0.773	1.577E-2
21.157	0.738	2.543E-2
21.174	0.705	3.510E-2
21.191	0.665	3.514E-2
21.208	0.638	3.104E-2
21.224	0.599	3.383E-2
21.241	0.609	3.382E-2
21.258	0.621	3.106E-2
21.275	0.621	3.106E-2
21.291	0.659	2.964E-2
21.308	0.698	2.823E-2
21.325	0.740	4.194E-2
21.342	0.803	2.536E-2
21.358	0.861	2.118E-2
21.375	0.916	1.699E-2
21.392	0.927	3.761E-2
21.408	0.941	2.384E-2
21.425	0.920	5.000E-2
21.442	0.919	4.312E-2
21.459	0.902	2.939E-2
21.475	0.862	2.530E-2
21.492	0.826	1.984E-2
21.509	0.773	3.090E-2
21.526	0.751	3.505E-2
21.542	0.784	3.364E-2
21.559	0.811	2.398E-2
21.576	0.861	2.805E-2
21.593	0.861	2.805E-2
21.609	0.887	2.940E-2
21.626	0.892	2.940E-2
21.643	0.905	2.938E-2
21.660	0.905	2.938E-2
21.676	0.875	2.116E-2
21.693	0.844	2.119E-2
21.710	0.800	4.050E-2
21.727	0.782	2.401E-2
21.743	0.865	3.493E-2
21.760	0.894	3.627E-2
21.777	0.978	3.618E-2
21.793	1.022	1.688E-2
21.810	1.099	2.780E-2
21.827	1.136	2.914E-2
21.844	1.158	2.636E-2
21.860	1.123	2.502E-2
21.877	1.068	2.646E-2
21.894	1.007	3.203E-2
21.911	0.952	3.346E-2
21.927	0.880	2.666E-2
21.944	0.775	8.886E-3
21.961	0.716	1.583E-2
21.978	0.704	1.997E-2
21.994	0.741	2.543E-2
22.011	0.806	2.674E-2
22.028	0.902	1.425E-2
22.045	1.002	2.515E-2
22.061	1.086	2.369E-2
22.078	1.180	2.221E-2
22.095	1.223	3.180E-2
22.112	1.223	3.180E-2
22.128	1.223	3.180E-2
22.145	1.207	3.181E-2
22.162	1.159	3.461E-2
22.178	1.097	3.193E-2
22.195	1.071	2.783E-2
22.212	1.035	3.337E-2
22.229	1.035	3.337E-2
22.245	1.034	3.337E-2
22.262	1.034	3.337E-2
22.279	1.034	3.337E-2
22.296	1.034	3.337E-2
22.312	1.034	3.337E-2
22.329	1.034	3.337E-2
22.346	1.068	3.334E-2
22.363	1.086	2.094E-2
22.379	1.129	2.777E-2
22.396	1.161	2.774E-2
22.413	1.198	2.082E-2
22.430	1.247	2.214E-2
22.446	1.267	2.487E-2
22.463	1.279	2.486E-2
22.480	1.268	3.037E-2
22.496	1.268	3.037E-2
22.513	1.254	4.277E-2
22.530	1.228	3.867E-2
22.547	1.194	3.733E-2
22.563	1.194	3.733E-2
22.580	1.172	3.047E-2
22.597	1.137	3.051E-2
22.614	1.147	3.050E-2
22.630	1.147	3.050E-2
22.647	1.148	2.912E-2
22.664	1.162	2.773E-2
22.681	1.169	2.773E-2
22.697	1.199	3.457E-2
22.714	1.203	3.594E-2
22.731	1.227	3.729E-2
22.748	1.268	3.725E-2
22.764	1.316	3.858E-2
22.781	1.316	3.858E-2
22.798	1.355	3.303E-2
22.815	1.366	3.302E-2
22.831	1.374	3.301E-2
22.848	1.392	3.299E-2
22.865	1.392	3.299E-2
22.881	1.356	3.166E-2
22.898	1.356	3.166E-2
22.915	1.356	3.166E-2
22.932	1.339	2.892E-2
22.948	1.324	2.894E-2
22.965	1.309	3.170E-2
22.982	1.309	3.170E-2
22.999	1.243	1.802E-2
23.015	1.253	2.764E-2
23.032	1.243	2.627E-2
23.049	1.223	3.592E-2
23.066	1.254	3.589E-2
23.082	1.254	3.589E-2
23.099	1.298	2.621E-2
23.116	1.364	2.752E-2
23.133	1.441	2.881E-2
23.149	1.462	1.779E-2
23.166	1.520	3.011E-2
23.183	1.554	2.732E-2
23.200	1.561	5.303E-3
23.216	1.560	1.356E-2
23.233	1.521	5.346E-3
23.250	1.474	1.915E-2
23.266	1.427	2.333E-2
23.283	1.366	2.202E-2
23.300	1.280	2.623E-2
23.317	1.235	2.078E-2
23.333	1.195	1.532E-2
23.350	1.218	2.217E-2
23.367	1.283	2.348E-2
23.384	1.370	4.127E-2
23.400	1.466	2.329E-2
23.417	1.481	2.465E-2
23.434	1.565	2.043E-2
23.451	1.604	1.626E-2
23.467	1.624	1.762E-2
23.484	1.623	1.762E-2
23.501	1.590	2.178E-2
23.518	1.538	2.183E-2
23.534	1.522	2.323E-2
23.551	1.509	3.149E-2
23.568	1.516	3.424E-2
23.584	1.491	3.151E-2
23.601	1.517	3.424E-2
23.618	1.522	3.010E-2
23.635	1.509	3.149E-2
23.651	1.516	3.011E-2
23.668	1.506	4.112E-2
23.685	1.498	2.738E-2
23.702	1.487	3.564E-2
23.718	1.491	3.014E-2
23.735	1.499	3.013E-2
23.752	1.517	3.286E-2
23.769	1.551	2.320E-2
23.785	1.579	2.317E-2
23.802	1.616	2.863E-2
23.819	1.639	2.860E-2
23.836	1.649	2.859E-2
23.852	1.653	2.446E-2
23.869	1.664	2.445E-2
23.886	1.685	2.168E-2
23.903	1.678	2.444E-2
23.919	1.679	1.893E-2
23.936	1.667	2.032E-2
23.953	1.643	2.310E-2
23.969	1.610	2.726E-2
23.986	1.646	2.997E-2
24.003	1.599	2.590E-2
24.020	1.573	2.592E-2
24.036	1.562	3.556E-2
24.053	1.547	2.595E-2
24.070	1.547	3.558E-2
24.087	1.561	4.107E-2
24.103	1.597	3.690E-2
24.120	1.645	4.235E-2
24.137	1.682	3.269E-2
24.154	1.737	2.300E-2
24.170	1.755	2.711E-2
24.187	1.782	2.295E-2
24.204	1.800	3.531E-2
24.221	1.810	3.393E-2
24.237	1.828	3.666E-2
24.254	1.850	3.801E-2
24.271	1.791	2.569E-2
24.288	1.756	3.261E-2
24.304	1.714	4.778E-2
24.321	1.709	3.266E-2
24.338	1.696	3.405E-2
24.354	1.665	2.995E-2
24.371	1.656	2.996E-2
24.388	1.665	2.995E-2
24.405	1.645	3.548E-2
24.421	1.665	2.995E-2
24.438	1.705	3.266E-2
24.455	1.756	2.160E-2
24.472	1.775	2.158E-2
24.488	1.818	2.154E-2
24.505	1.861	2.699E-2
24.522	1.899	4.071E-2
24.539	1.902	3.658E-2
24.555	1.905	3.245E-2
24.572	1.897	4.484E-2
24.589	1.873	4.486E-2
24.606	1.826	4.491E-2
24.622	1.811	4.355E-2
24.639	1.788	4.495E-2
24.656	1.771	4.359E-2
24.672	1.766	4.360E-2
24.689	1.753	4.224E-2
24.706	1.749	3.537E-2
24.723	1.740	2.712E-2
24.739	1.764	3.672E-2
24.756	1.788	3.670E-2
24.773	1.852	2.425E-2
24.790	1.888	2.559E-2
24.806	1.913	2.556E-2
24.823	1.941	2.278E-2
24.840	1.917	2.418E-2
24.857	1.906	2.144E-2
